	 epoch:0, T.acc:51.748, V.acc:39.998
		 T.loss:1.75586, V.loss:1.87393
